,MSOA name,MSOA,White British,Asian,Black,White Other,Mixed Other,Total
0,Darlington 001,E02002559,0.9607554851843474,0.011648948201764306,0.0027143180275955667,0.013458493553494684,0.011422755032798009,8842
1,Darlington 002,E02002560,0.9678172419543105,0.008837752209438053,0.0025012506253126563,0.011005502751375688,0.009838252459563115,5997
2,Darlington 003,E02002561,0.9604598502003135,0.012715554781396968,0.0010451140916216688,0.015676711374325032,0.010102769552342798,5741
3,Darlington 004,E02002562,0.9322453016815034,0.01533135509396637,0.004121332014507088,0.029508737223870755,0.018793273986152326,6066
4,Darlington 005,E02002563,0.9643053267435475,0.00805418268350723,0.003660992128866923,0.011715174812374154,0.012264323631704191,5463
5,Darlington 006,E02002564,0.9704272784676911,0.008419280151547043,0.0013681330246263943,0.011892233214060199,0.007893075142075353,9502
6,Darlington 007,E02002565,0.941651376146789,0.01743119266055046,0.0016513761467889909,0.023853211009174313,0.015412844036697248,5450
7,Darlington 008,E02002566,0.8128071697022261,0.095836947094536,0.009395779126915294,0.06331309627059845,0.0186470078057242,6918
8,Darlington 009,E02002567,0.9283154121863799,0.017921146953405017,0.005789909015715467,0.030603804797353185,0.017369727047146403,7254
9,Darlington 010,E02002568,0.9430990685859442,0.013378492802709568,0.0015241320914479255,0.025910245554614734,0.016088060965283656,5905
10,Darlington 011,E02002569,0.9496426608026388,0.02166025288620121,0.0020890599230346343,0.015612974161627267,0.010995052226498075,9095
11,Darlington 012,E02002570,0.9074637769389992,0.03518811640082795,0.0036527456471447703,0.04078899305978327,0.012906367953244857,8213
12,Darlington 013,E02002571,0.9166666666666666,0.013044812768569674,0.007213014119091467,0.04987722529158993,0.013198281154082258,6516
13,Darlington 014,E02002572,0.9249049429657795,0.021070975918884665,0.003643852978453739,0.03073510773130545,0.01964512040557668,6312
14,Darlington 015,E02002573,0.9628468033775633,0.010615199034981907,0.0012062726176115801,0.015319662243667069,0.010012062726176116,8290
15,County Durham 002,E02004290,0.9747533857214513,0.010533355626149474,0.00016719612104999163,0.010031767262999498,0.0045142952683497745,5981
16,County Durham 005,E02004291,0.9812877560041255,0.005893620156180934,0.0004420215117135701,0.008987770738175924,0.0033888315898040373,6787
17,County Durham 007,E02004292,0.967534108135422,0.011874684183931278,0.00037897928246589187,0.01225366346639717,0.00795856493178373,7916
18,County Durham 011,E02004293,0.9737711909585244,0.008103209297366456,0.0011728329246188294,0.010981981021430855,0.0059707857980594945,9379
19,County Durham 013,E02004294,0.9746581801037246,0.008604431871758604,0.0015322960867515322,0.008722300801508723,0.0064827911362564826,8484
20,County Durham 015,E02004295,0.9755871036221309,0.00583786652514263,0.00013267878466233248,0.010481623988324267,0.00796072707973995,7537
21,County Durham 019,E02004296,0.9721150255197311,0.009212000497945972,0.0008714054525084028,0.011328270882609237,0.006473297647205278,8033
22,County Durham 001,E02004297,0.9813924050632912,0.004430379746835443,0.00037974683544303797,0.008481012658227849,0.005316455696202532,7900
23,County Durham 003,E02004298,0.9779449654745955,0.004740801813871999,0.0010306090899721736,0.009996908172730084,0.0062867154488302586,9703
24,County Durham 004,E02004299,0.9795846117535992,0.006490441350011801,0.0004720320981826764,0.00908661789001652,0.004366296908189757,8474
25,County Durham 006,E02004300,0.9820452771272443,0.00429352068696331,0.0010408534998698933,0.00858704137392662,0.004033307311995837,7686
26,County Durham 008,E02004301,0.981897908702496,0.005172026085001125,0.0008994827973914999,0.008320215875871374,0.003710366539239937,8894
27,County Durham 009,E02004302,0.978314186136569,0.007099522395766103,0.0015489867045307862,0.007486769071898799,0.005550535691235317,7747
28,County Durham 010,E02004303,0.9506851706380379,0.00645893340315964,0.0005236973029588898,0.0356114166012045,0.006720782054639086,11457
29,County Durham 012,E02004304,0.9655870445344129,0.00775978407557355,0.0002249212775528565,0.021704903283850652,0.004723346828609987,8892
30,County Durham 014,E02004305,0.9642361111111111,0.003935185185185185,0.000462962962962963,0.02627314814814815,0.005092592592592593,8640
31,County Durham 020,E02004306,0.9689065468992918,0.005354983589566419,0.0017274140611504578,0.017446882017619625,0.0065641734323717395,5789
32,County Durham 024,E02004307,0.9753424657534246,0.00289193302891933,0.0013698630136986301,0.01643835616438356,0.0039573820395738205,6570
33,County Durham 022,E02004308,0.9288911625527561,0.023404527433175597,0.0048599565161785395,0.02353242102570661,0.019311932472183144,7819
34,County Durham 023,E02004309,0.9059640799728905,0.037444933920704845,0.004744154523890207,0.030328702134869535,0.021518129447644866,5902
35,County Durham 026,E02004310,0.9707359959809093,0.008163777945239889,0.00037678975131876413,0.01456920371765888,0.006154232604873147,7962
36,County Durham 027,E02004311,0.9692577953447519,0.00691699604743083,0.0015371102327624067,0.018225735617039964,0.004062362758014932,9108
37,County Durham 028,E02004312,0.9613193800503378,0.009670154987415552,0.0026493575307987814,0.01987018148099086,0.006490925950457014,7549
38,County Durham 029,E02004313,0.8842010771992819,0.034560143626570915,0.004937163375224416,0.05430879712746858,0.02199281867145422,6684
39,County Durham 030,E02004314,0.8214402351404311,0.07233834095362508,0.008001306335728282,0.06417374265186153,0.034046374918354015,12248
40,County Durham 033,E02004315,0.8698939512961509,0.03908091123330715,0.006775333857030636,0.055970149253731345,0.028279654359780047,10184
41,County Durham 031,E02004316,0.9743093436565194,0.005102938588773535,0.0017596339961288051,0.015132852366707725,0.003695231391870491,5683
42,County Durham 038,E02004317,0.9727260863891426,0.004958893383792249,0.0022184523032754795,0.010178781156205142,0.009917786767584497,7663
43,County Durham 041,E02004318,0.9286768322675848,0.028365305787834073,0.0008198065256599442,0.027873421872438103,0.01426463354648303,6099
44,County Durham 044,E02004319,0.976050307733476,0.007492641156007493,0.0002675943270002676,0.011105164570511104,0.005084292213005084,7474
45,County Durham 016,E02004320,0.9787851719517642,0.006476105404198303,0.00022331397945511388,0.010495757034390353,0.00401965163019205,8956
46,County Durham 017,E02004321,0.9496704613541043,0.009946075494307968,0.001437986818454164,0.03175554224086279,0.007189934092270821,8345
47,County Durham 018,E02004322,0.9787985865724381,0.0049469964664310955,0.0008244994110718492,0.008480565371024734,0.006949352179034158,8490
48,County Durham 021,E02004323,0.9795092334935492,0.0061978244371363525,0.0003794586390083481,0.007589172780166962,0.006324310650139135,7906
49,County Durham 025,E02004324,0.9797627355198884,0.0034891835310537334,0.0003489183531053733,0.011863224005582694,0.0045359385903698535,5732
50,County Durham 032,E02004325,0.9787892685163954,0.004242146296720936,0.0011465260261407934,0.009630818619582664,0.006191240541160285,8722
51,County Durham 034,E02004326,0.9752827140549273,0.008723747980613893,0.0006462035541195477,0.009693053311793215,0.005654281098546042,6190
52,County Durham 036,E02004327,0.9759962347034828,0.009727016002510198,0.0004706620646375902,0.008001255098839033,0.0058048321305302795,6374
53,County Durham 035,E02004328,0.9840534278315388,0.003543682704102494,0.0002725909772386534,0.007087365408204988,0.005042933078915088,7337
54,County Durham 037,E02004329,0.9757826343768459,0.00915534554046072,0.0008860011813349084,0.00915534554046072,0.005020673360897815,6772
55,County Durham 039,E02004330,0.9840174966352625,0.004205921938088829,0.0008411843876177658,0.005551816958277255,0.005383580080753701,5944
56,County Durham 040,E02004331,0.9754410726887791,0.006633733239237827,0.0012702893436838392,0.009597741707833451,0.007057163020465773,7085
57,County Durham 043,E02004332,0.9778785380599065,0.007831821929101401,0.0008244023083264633,0.00741962077493817,0.006045616927727398,7278
58,County Durham 047,E02004333,0.9834284918535023,0.00487397298426403,0.0001392563709789723,0.006405793065032726,0.005152485726221975,7181
59,County Durham 048,E02004334,0.9830393487109905,0.0032564450474898234,0.0006784260515603799,0.007598371777476255,0.005427408412483039,7370
60,County Durham 049,E02004335,0.9750357767530609,0.00763237398632533,0.002703132453490221,0.00906344410876133,0.00556527269836222,6289
61,County Durham 050,E02004336,0.9752763234438627,0.004653868528214078,0.0017452006980802793,0.013961605584642234,0.004363001745200698,6876
62,County Durham 052,E02004337,0.9824291675818142,0.004063254996705469,0.0012079947287502745,0.0074676037777289695,0.004831978915001098,9106
63,County Durham 053,E02004338,0.9840260316521224,0.001183256914657595,0.00044372134299659814,0.007986984173938767,0.0063600059162845736,6761
64,County Durham 054,E02004339,0.9741241459514465,0.0024712894316034307,0.0015990696322139846,0.013810146823666231,0.007995348161069922,6879
65,County Durham 059,E02004340,0.9783846376531893,0.003280903213355206,0.0010614686866737431,0.011965647013413105,0.005307343433368716,10363
66,County Durham 060,E02004341,0.9733871925864322,0.009148152548413925,0.0007128430557205655,0.010217417131994772,0.006534394677438517,8417
67,County Durham 061,E02004342,0.9592760180995475,0.004692475280710575,0.002011060834590246,0.02564102564102564,0.008379420144126026,5967
68,County Durham 062,E02004343,0.9876967613533563,0.0016283698208793198,0.0005427899402931065,0.006151619323321874,0.003980459562149448,5527
69,County Durham 063,E02004344,0.9725618424793858,0.003696332101222633,0.0012794995735001423,0.015638328120557293,0.0068239977253340914,7034
70,County Durham 064,E02004345,0.982757269378478,0.0027431616897876008,0.0007053844345168116,0.009405125793557489,0.004389058703660162,12759
71,County Durham 065,E02004346,0.9769128029002099,0.0017172295363480253,0.00019080328181644724,0.014691852699866437,0.006487311581759206,5241
72,County Durham 066,E02004347,0.9629261363636363,0.009801136363636364,0.001846590909090909,0.015625,0.009801136363636364,7040
73,County Durham 042,E02004348,0.9791640828475754,0.004712886022572244,0.0007441398983008806,0.010417958576212328,0.004960932655339203,8063
74,County Durham 045,E02004349,0.9788686605981795,0.004442999566536628,0.0007585609016038145,0.010186389250108365,0.005743389683571738,9228
75,County Durham 046,E02004350,0.9808612440191388,0.004368629082587893,0.0008321198252548367,0.008945288121489495,0.00499271895152902,9614
76,County Durham 051,E02004351,0.9834875444839858,0.004270462633451958,0.00042704626334519574,0.0071174377224199285,0.0046975088967971534,7025
77,County Durham 055,E02004352,0.9618028020089876,0.010441448585778482,0.000528680941052075,0.018503832936822628,0.008723235527359239,7566
78,County Durham 056,E02004353,0.9736388925685521,0.0074182010862365875,0.0018545502715591469,0.010729897999735064,0.006358458073917075,7549
79,County Durham 057,E02004354,0.9675613934894346,0.006282124500285551,0.0007995431182181611,0.019189034837235865,0.006167904054825814,8755
80,County Durham 058,E02004355,0.9718892104175278,0.0038583436681824445,0.000688989940746865,0.016673556566074135,0.006889899407468651,7257
81,Hartlepool 001,E02002483,0.976882430647292,0.009247027741083224,0.00044033465433729633,0.008036107441655659,0.00539409951563188,9084
82,Hartlepool 002,E02002484,0.9712097712291586,0.008627374951531602,0.0019387359441644049,0.010566110895696007,0.007658006979449399,10316
83,Hartlepool 003,E02002485,0.9702616464582003,0.010848755583918315,0.002297383535417996,0.011614550095724313,0.0049776643267389915,7835
84,Hartlepool 005,E02002487,0.9146910584282247,0.0414411050961359,0.005786820981892851,0.025947358596229233,0.012133656897517267,5357
85,Hartlepool 006,E02002488,0.9662847790507365,0.014893617021276596,0.0009819967266775777,0.010638297872340425,0.007201309328968904,6110
86,Hartlepool 007,E02002489,0.9209032420840166,0.04377444178125394,0.006686009839788066,0.016778100163996466,0.011858206130944873,7927
87,Hartlepool 008,E02002490,0.973186379338707,0.0055930251686132585,0.000987004441519987,0.01431156440203981,0.005922026649119921,6079
88,Hartlepool 009,E02002491,0.9801799054733953,0.007013264217106266,0.00045738679676779996,0.006555877420338466,0.005793566092392133,6559
89,Hartlepool 010,E02002492,0.9784560143626571,0.006732495511669659,0.00014961101137043686,0.009575104727707959,0.005086774386594853,6684
90,Hartlepool 011,E02002493,0.982192629296996,0.003561474140600805,0.0009290802105915144,0.00712294828120161,0.006193868070610096,6458
91,Hartlepool 012,E02002494,0.9781935483870968,0.0076129032258064515,0.0003870967741935484,0.005419354838709678,0.008387096774193548,7750
92,Hartlepool 014,E02006909,0.970258657005645,0.015081304237930745,0.0016008088297244925,0.006993006993006993,0.006066222933692814,11869
93,Middlesbrough 001,E02002496,0.5115919629057187,0.32191310321140304,0.03915507470376095,0.0510905031770565,0.0762493560020608,11646
94,Middlesbrough 002,E02002497,0.9074664964901085,0.039087428206764516,0.013560944479897894,0.016113592852584558,0.023771537970644543,6268
95,Middlesbrough 003,E02002498,0.6459692451071761,0.1695013979496738,0.05195712954333644,0.07152842497670084,0.06104380242311277,8584
96,Middlesbrough 004,E02002499,0.9584885577434806,0.0065194252261841406,0.008914316125598723,0.011176157530601383,0.014901543374135177,7516
97,Middlesbrough 005,E02002500,0.7852677817198851,0.14529481331305963,0.008954215239060653,0.02331474911302585,0.03716844061496875,5919
98,Middlesbrough 006,E02002501,0.875794986906098,0.06322484100261878,0.007669285447063225,0.026936026936026935,0.026374859708193043,5346
99,Middlesbrough 007,E02002502,0.95600624024961,0.008320332813312533,0.011232449297971918,0.010192407696307852,0.014248569942797712,9615
100,Middlesbrough 008,E02002503,0.8954719877206446,0.04113584036838066,0.00920951650038373,0.022563315425940138,0.03161933998465081,6515
101,Middlesbrough 009,E02002504,0.7695396972505406,0.15497888991864894,0.00628153640201833,0.021830913397178457,0.047368963031613635,9711
102,Middlesbrough 010,E02002505,0.9601854812919731,0.004956827630316597,0.007675087943716022,0.008154780940198274,0.019027822193795972,6254
103,Middlesbrough 011,E02002506,0.8961564396493594,0.049224544841537425,0.011126095751854349,0.01837491571139582,0.025118004045853,5932
104,Middlesbrough 012,E02002507,0.8916542226646756,0.07565953210552513,0.006139040982246557,0.015430562468889995,0.011116641778662685,6027
105,Middlesbrough 013,E02002508,0.8638155301537249,0.09814741821048482,0.0015766653527788726,0.021087899093417423,0.015372487189594008,5074
106,Middlesbrough 014,E02002509,0.92387605230163,0.037435070750492565,0.011642486118574243,0.007522837184309511,0.01952355364499373,5583
107,Middlesbrough 015,E02002510,0.947829131652661,0.02538515406162465,0.0010504201680672268,0.011204481792717087,0.014530812324929972,5712
108,Middlesbrough 017,E02002512,0.9487276154571159,0.030348727615457115,0.0016965127238454288,0.010179076343072573,0.009048067860508954,5305
109,Middlesbrough 018,E02002513,0.9681139755766621,0.0046359113523292625,0.004522840343735866,0.011872455902306648,0.010854816824966078,8844
110,Middlesbrough 019,E02002514,0.9650942344150775,0.008252481320397012,0.0036801605888256944,0.009813761570201852,0.013159362105497938,8967
111,Middlesbrough 020,E02006811,0.9363143631436315,0.032520325203252036,0.004377736085053158,0.010735876589535126,0.016051698978528248,9594
112,Northumberland 004,E02005702,0.9755874275251755,0.00503509307293256,0.0006103143118706134,0.01190112908147696,0.0068660360085444,6554
113,Northumberland 005,E02005703,0.9617203665385752,0.009163464380727165,0.0007389890629618681,0.02320425657700266,0.005172923440733077,6766
114,Northumberland 006,E02005704,0.9848484848484849,0.002256608639587363,0.0006447453255963894,0.008865248226950355,0.0033849129593810446,12408
115,Northumberland 007,E02005705,0.9793581036090026,0.003995205753096284,0.00039952057530962844,0.013317352510320948,0.0029298175522706085,7509
116,Northumberland 001,E02005706,0.9512474012474013,0.010706860706860707,0.0011434511434511435,0.029833679833679835,0.007068607068607069,9620
117,Northumberland 002,E02005707,0.9752066115702479,0.0044947078439901405,0.002174858634188778,0.013049151805132666,0.005074670146440481,6897
118,Northumberland 003,E02005708,0.9791387559808612,0.0020095693779904307,0.00028708133971291867,0.014449760765550239,0.0041148325358851675,10450
119,Northumberland 022,E02005709,0.970262390670554,0.008309037900874635,0.0008746355685131195,0.012099125364431487,0.008454810495626823,6860
120,Northumberland 023,E02005710,0.9666706203297355,0.013521527695409798,0.00023721978412999644,0.012454038666824813,0.007116593523899893,8431
121,Northumberland 024,E02005711,0.9814170962714303,0.006713823282580026,0.0007193382088478599,0.00539503656635895,0.0057547056707828795,8341
122,Northumberland 025,E02005712,0.9748221906116643,0.016358463726884778,0.0002844950213371266,0.004694167852062589,0.003840682788051209,7030
123,Northumberland 026,E02005713,0.9874194997753483,0.0029953571963456643,0.0001497678598172832,0.006739553691777744,0.002695821476711098,6677
124,Northumberland 027,E02005714,0.9773234200743495,0.005762081784386617,0.0016728624535315986,0.008921933085501859,0.006319702602230483,5380
125,Northumberland 029,E02005715,0.9745163905942315,0.006023398586818024,0.0009266767056643114,0.011004285879763697,0.00752924823352253,8633
126,Northumberland 028,E02005716,0.9787088694068086,0.004098827279972675,0.00022771262666514857,0.009222361379938518,0.007742229306615052,8783
127,Northumberland 030,E02005717,0.9842408712363869,0.003459320948110186,0.0007687379884689302,0.006149903907751442,0.0053811659192825115,7805
128,Northumberland 031,E02005718,0.9812603899047907,0.003929273084479371,0.0001511258878645912,0.010276560374792201,0.004382650748073145,6617
129,Northumberland 032,E02005719,0.9789943547328345,0.004726270185112249,0.0005251411316791387,0.01089667848234213,0.004857555468032034,7617
130,Northumberland 008,E02005720,0.9571617598412173,0.010585511081706914,0.007608336089976844,0.014720476347998676,0.00992391663910023,12092
131,Northumberland 011,E02005721,0.9747104247104247,0.006370656370656371,0.003088803088803089,0.00945945945945946,0.006370656370656371,5180
132,Northumberland 015,E02005722,0.9728742094167252,0.004356992269852425,0.000140548137737175,0.016725228390723823,0.005903021784961349,7115
133,Northumberland 016,E02005723,0.9649737302977233,0.007642095207769464,0.0033434166533991404,0.01703550390065276,0.0070052539404553416,6281
134,Northumberland 018,E02005724,0.9674585095997397,0.010413276928083305,0.0009762447120078099,0.01383013342011064,0.007321835340058575,6146
135,Northumberland 033,E02005725,0.9326273787599755,0.03806015960712093,0.002148557397176182,0.017188459177409455,0.009975445058317987,6516
136,Northumberland 034,E02005726,0.9231966787752984,0.04449922158796056,0.0022055007784120392,0.01881162428645563,0.011286974571873378,7708
137,Northumberland 019,E02005727,0.973429196623945,0.0032822757111597373,0.0006251953735542357,0.018130665833072834,0.004532666458268208,6398
138,Northumberland 037,E02005728,0.983807378203323,0.00211208110391439,0.001126443255421008,0.009011546043368065,0.003942551393973529,7102
139,Northumberland 036,E02005729,0.9699288256227758,0.004448398576512456,0.0005338078291814947,0.016370106761565837,0.008718861209964414,5620
140,Northumberland 035,E02005730,0.9637321524013133,0.005039321982133313,0.00045812018019393753,0.020691761472092847,0.010078643964266627,13097
141,Northumberland 038,E02005731,0.9744771031051322,0.007371233760250622,0.00046070211001566385,0.01225467612641666,0.005436284898184833,10853
142,Northumberland 039,E02005732,0.9728236853733981,0.004860804242156429,0.0004418912947414936,0.01524524966858153,0.006628369421122404,9052
143,Northumberland 040,E02005733,0.9746804326450345,0.004424778761061947,0.0009832841691248771,0.014011799410029498,0.0058997050147492625,8136
144,Northumberland 009,E02005734,0.979708306911858,0.00523145212428662,0.0004755865567533291,0.008084971464806594,0.006499682942295497,6308
145,Northumberland 010,E02005735,0.9566750629722922,0.022795969773299746,0.0012594458438287153,0.01146095717884131,0.0078085642317380355,7940
146,Northumberland 013,E02005736,0.9669093315684977,0.018530774321641297,0.00026472534745201854,0.007941760423560556,0.006353408338848445,7555
147,Northumberland 012,E02005737,0.9822886398228864,0.006918500069185001,0.00041511000415110004,0.0047045800470458,0.005673170056731701,7227
148,Northumberland 014,E02005738,0.9836194987171897,0.0049338859285573316,0.00039471087428458656,0.006710084862837971,0.004341819617130452,5067
149,Northumberland 017,E02005739,0.9808748943364328,0.004966187658495351,0.0005283178360101438,0.008664412510566356,0.004966187658495351,9464
150,Northumberland 020,E02005740,0.9827737226277372,0.0039902676399026765,0.0009732360097323601,0.008175182481751826,0.004087591240875913,10275
151,Northumberland 021,E02005741,0.9727635595210143,0.009509274477576896,0.00023479690068091102,0.012092040385066918,0.0054003287156609535,8518
152,Redcar and Cleveland 001,E02002515,0.9666666666666667,0.008076358296622614,0.0014684287812041115,0.014831130690161527,0.008957415565345081,6810
153,Redcar and Cleveland 002,E02002516,0.9724450645273806,0.008371119637251482,0.001569584931984653,0.011510289501220789,0.006103941402162539,5734
154,Redcar and Cleveland 003,E02002517,0.9767657992565055,0.005018587360594796,0.0007434944237918215,0.010223048327137546,0.00724907063197026,5380
155,Redcar and Cleveland 004,E02002518,0.9786440361839037,0.004103329292175697,0.0011190898069570084,0.008672946003916814,0.007460598713046722,10723
156,Redcar and Cleveland 005,E02002519,0.9772888573456352,0.00454222853087296,0.0008516678495386799,0.008658623136976578,0.008658623136976578,7045
157,Redcar and Cleveland 006,E02002520,0.9820127504553734,0.003718882817243473,0.0003794778384942319,0.007285974499089253,0.006602914389799636,13176
158,Redcar and Cleveland 007,E02002521,0.9655924806982209,0.005370929842228936,0.00016784155756965425,0.01896609600537093,0.009902651896609601,5958
159,Redcar and Cleveland 009,E02002523,0.9757445501995702,0.0029167945962542217,0.0006140620202640467,0.009517961314092724,0.011206631869818852,6514
160,Redcar and Cleveland 010,E02002524,0.9885057471264368,0.0029662588060808304,0.0005561735261401557,0.00389321468298109,0.004078605858361142,5394
161,Redcar and Cleveland 011,E02002525,0.9858801005145387,0.0023932033026205575,0.0008376211559171952,0.006581309082206534,0.004307765944717004,8357
162,Redcar and Cleveland 012,E02002526,0.9806815132814596,0.00348806010195868,0.0006707807888382077,0.008988462570431982,0.006171183257311511,7454
163,Redcar and Cleveland 013,E02002527,0.9880239520958084,0.0017384585667374927,0.0007726482518833301,0.003670079196445818,0.005794861889124976,5177
164,Redcar and Cleveland 015,E02002529,0.9827405857740585,0.0022663877266387725,0.0008716875871687587,0.007670850767085077,0.006450488145048815,5736
165,Redcar and Cleveland 016,E02002530,0.9800582911489493,0.005982512655315232,0.00030679552078539653,0.00705629697806412,0.006596103696886025,6519
166,Redcar and Cleveland 018,E02002532,0.9770004791566842,0.007027631368790928,0.0006388755789809935,0.007985944737262418,0.007347069158281425,6261
167,Redcar and Cleveland 019,E02002533,0.9718652309829802,0.007467870788468218,0.002605071205279611,0.011462313303230288,0.006599513720041681,5758
168,Redcar and Cleveland 020,E02002534,0.9826328586314692,0.005904828065300452,0.0,0.007467870788468218,0.00399444251476207,5758
169,Redcar and Cleveland 021,E02006812,0.9721202230382157,0.005711954304365565,0.0010879912960696314,0.01142390860873113,0.00965592275261798,7353
170,Redcar and Cleveland 022,E02006910,0.9479642502482621,0.027507447864945384,0.0017874875868917578,0.013207547169811321,0.009533267130089375,10070
171,Stockton-on-Tees 001,E02002535,0.9780701754385965,0.008871610845295056,0.0006977671451355662,0.005083732057416268,0.007276714513556619,10032
172,Stockton-on-Tees 002,E02002536,0.9804064616988014,0.004064616988014591,0.0009379885356956748,0.006878582595101616,0.007712350182386659,9595
173,Stockton-on-Tees 003,E02002537,0.9708199267724398,0.0037723288583157663,0.0022190169754798626,0.013425052701653168,0.009763674692111394,9013
174,Stockton-on-Tees 004,E02002538,0.9739522457839372,0.006344965770579396,0.0021706461846718985,0.008014693604942395,0.009517448655869093,5989
175,Stockton-on-Tees 005,E02002539,0.9466621175935404,0.029000341180484477,0.0012509951097463892,0.010917775503241215,0.012168770612987604,8793
176,Stockton-on-Tees 006,E02002540,0.9739102768055997,0.01256761056315622,0.0014317531021317213,0.0066815144766146995,0.005408845052497614,6286
177,Stockton-on-Tees 007,E02002541,0.9669893667671798,0.01428344707189335,0.0012696397397238533,0.009681003015394382,0.0077765434058086015,6301
178,Stockton-on-Tees 008,E02002542,0.9570794868720777,0.018463014027095073,0.00431602925308716,0.007433161491427886,0.012708308356312193,8341
179,Stockton-on-Tees 009,E02002543,0.9534827377347063,0.025681405208964263,0.0025439127801332524,0.007874015748031496,0.010417928528164748,8255
180,Stockton-on-Tees 010,E02002544,0.9385617872934605,0.013846869909239005,0.010006981615080289,0.01768675820339772,0.019897602978822433,8594
181,Stockton-on-Tees 011,E02002545,0.9662650602409638,0.021316033364226137,0.0024096385542168677,0.006858202038924931,0.003151065801668211,5395
182,Stockton-on-Tees 012,E02002546,0.9293190334668562,0.029073523711073784,0.00930352758754361,0.01705646724382995,0.015247447990696472,7739
183,Stockton-on-Tees 013,E02002547,0.9528614220400441,0.025382311209207,0.0034683903515686583,0.00882862998581113,0.009459246413369067,6343
184,Stockton-on-Tees 014,E02002548,0.7592806908216861,0.14332769518383334,0.038012997418321016,0.0267960473604558,0.03258256921570373,11233
185,Stockton-on-Tees 015,E02002549,0.965961244263131,0.015553289138194799,0.0021672616012238656,0.009306476287608363,0.007011728709841917,7844
186,Stockton-on-Tees 016,E02002550,0.9066895904970304,0.06095654892153798,0.004845264145045327,0.009846827133479213,0.01766176930290716,6398
187,Stockton-on-Tees 017,E02002551,0.7969683050068902,0.13765120195988365,0.012708620425662226,0.028785790843668658,0.02388608176389527,6531
188,Stockton-on-Tees 018,E02002552,0.9542119166422072,0.014528911065453478,0.005723510419724098,0.008658643968300558,0.016877017904314645,6814
189,Stockton-on-Tees 019,E02002553,0.9320998132744865,0.036666100831777286,0.004413512137158377,0.013070785944661347,0.013749787811916483,5891
190,Stockton-on-Tees 020,E02002554,0.9651226158038148,0.013260672116257947,0.005994550408719346,0.004359673024523161,0.011262488646684832,5505
191,Stockton-on-Tees 021,E02002555,0.9454069298952458,0.022461724415793714,0.0030217566478646252,0.016720386784850928,0.012389202256244963,9928
192,Stockton-on-Tees 022,E02002556,0.9121508379888268,0.06243016759776536,0.003212290502793296,0.009217877094972068,0.012988826815642458,7160
193,Stockton-on-Tees 023,E02002557,0.9248109470651783,0.04645300684191574,0.004681310767014764,0.010731004681310767,0.013323730644580483,13885
194,Stockton-on-Tees 024,E02002558,0.9316572601334018,0.030579784504874294,0.0032837352488455616,0.01836839404822986,0.016110826064648538,9745
195,Gateshead 001,E02001682,0.9761874442888068,0.006239653635553292,0.0012733987011333248,0.010314529479179931,0.005984973895326626,7853
196,Gateshead 002,E02001683,0.9776658638055616,0.004269761331289687,0.0008758484782132691,0.01051018173855923,0.006678344646376177,9134
197,Gateshead 003,E02001684,0.928644240570846,0.019367991845056064,0.00800931993592544,0.027522935779816515,0.016455511868355904,6867
198,Gateshead 004,E02001685,0.9686288759689923,0.007994186046511628,0.0024224806201550387,0.011749031007751938,0.009205426356589148,8256
199,Gateshead 005,E02001686,0.9740808564586562,0.007606705169742217,0.0012677841949570363,0.009860543738554725,0.007184110438089872,7099
200,Gateshead 007,E02001688,0.8802743981361636,0.04193631892311675,0.01592026922081284,0.035335231685218745,0.026533782034688067,7726
201,Gateshead 008,E02001689,0.8206963484168386,0.04864733713453839,0.00946257430547131,0.08637631930122529,0.03481742084192648,8243
202,Gateshead 009,E02001690,0.9569864098165985,0.017152658662092625,0.0027708140915688084,0.012666578704314554,0.010423538725425518,7579
203,Gateshead 010,E02001691,0.8192626396061007,0.054401345022216885,0.01705296024978984,0.07505704335294824,0.034226011768944395,8327
204,Gateshead 011,E02001692,0.9352977860929217,0.018553164951668227,0.004677268475210477,0.027439975054568133,0.01403180542563143,6414
205,Gateshead 012,E02001693,0.9608052734722965,0.009798681631925887,0.0039194726527703545,0.014965259219668627,0.010511313023338678,5613
206,Gateshead 013,E02001694,0.9702970297029703,0.010662604722010662,0.002894135567402894,0.008377760853008377,0.0077684691546077685,6565
207,Gateshead 014,E02001695,0.9665878644602048,0.01623325453112687,0.0009456264775413711,0.008668242710795903,0.007565011820330969,6345
208,Gateshead 015,E02001696,0.9691456537929567,0.012554527077348655,0.003936588998829663,0.00808596659219066,0.006277263538674327,9399
209,Gateshead 016,E02001697,0.9599897737440879,0.013166304486769781,0.0024287357791128723,0.014061101879074524,0.010354084110954877,7823
210,Gateshead 017,E02001698,0.9764851485148515,0.00825082508250825,0.00041254125412541255,0.007975797579757976,0.006875687568756876,7272
211,Gateshead 018,E02001699,0.9714899713467049,0.010171919770773639,0.0024355300859598855,0.009169054441260744,0.006733524355300859,6980
212,Gateshead 019,E02001700,0.9639826513294362,0.01433151046577409,0.0012257212898359419,0.01197435413916651,0.00848576277578729,10606
213,Gateshead 020,E02001701,0.9612341772151899,0.015031645569620253,0.0009493670886075949,0.013924050632911392,0.008860759493670886,6320
214,Gateshead 021,E02001702,0.9502172563625078,0.010676598386095592,0.008690254500310366,0.020856610800744878,0.009559279950341403,8055
215,Gateshead 022,E02001703,0.9803577692037881,0.00350754121360926,0.00035075412136092597,0.010347246580147317,0.005436688881094353,5702
216,Gateshead 023,E02001704,0.9710732252655114,0.008664058133035215,0.004192286193404136,0.007406372275013974,0.008664058133035215,7156
217,Gateshead 024,E02001705,0.9754435770049681,0.00809084457061746,0.0021291696238466998,0.008516678495386799,0.00581973030518098,7045
218,Gateshead 025,E02001706,0.9630241996091988,0.01082218548023448,0.0028558545017285434,0.013678039981963024,0.009619720426875094,6653
219,Gateshead 026,E02001707,0.9607983745667503,0.013983506633201864,0.0028684116170670493,0.014820126688179754,0.007529580494801004,8367
220,Gateshead 027,E02006841,0.7956457860291172,0.075731267530386,0.029918525444103113,0.05115533591558702,0.047549085080806734,7487
221,Gateshead 028,E02006842,0.8757507507507507,0.030405405405405407,0.011073573573573574,0.059496996996996995,0.023273273273273273,5328
222,Newcastle upon Tyne 001,E02001708,0.8817668207498716,0.049820236260914225,0.004314329738058551,0.016024653312788906,0.04807395993836672,9735
223,Newcastle upon Tyne 002,E02001709,0.8449741135098173,0.08635342385464491,0.009182377649702061,0.02959851518999707,0.029891569795838624,10237
224,Newcastle upon Tyne 003,E02001710,0.8948707510685935,0.037451658864237736,0.018013433747201303,0.026663952778343172,0.023000203541624263,9826
225,Newcastle upon Tyne 004,E02001711,0.9243532927960425,0.030093785427187467,0.0062867154488302586,0.016901989075543647,0.022364217252396165,9703
226,Newcastle upon Tyne 005,E02001712,0.842503022974607,0.06620314389359129,0.011185006045949214,0.04927448609431681,0.03083434099153567,9924
227,Newcastle upon Tyne 006,E02001713,0.8416889058330156,0.08902020587113992,0.008006099885627144,0.03450247807853603,0.02678231033168128,10492
228,Newcastle upon Tyne 007,E02001714,0.8240806763777121,0.11704186615055516,0.008556585514923092,0.026077212997860852,0.024243658958948762,9817
229,Newcastle upon Tyne 008,E02001715,0.8274308928729135,0.07665812947098825,0.03735759074450234,0.030733904442285614,0.027819482469310253,11323
230,Newcastle upon Tyne 011,E02001718,0.9411140583554377,0.03094606542882405,0.006719717064544651,0.007780725022104333,0.013439434129089302,5655
231,Newcastle upon Tyne 012,E02001719,0.8578006210515045,0.08073669557768498,0.006852982117999786,0.03544276689153014,0.01916693436128065,9339
232,Newcastle upon Tyne 013,E02001720,0.85646720131606,0.058297347316471314,0.005860579888957434,0.05161422989923915,0.027760641579272053,9726
233,Newcastle upon Tyne 014,E02001721,0.9690088685313323,0.008186336614365072,0.0014618458239937628,0.012182048533281357,0.00916090049702758,10261
234,Newcastle upon Tyne 015,E02001722,0.9640012413365057,0.010137581462708182,0.005068790731354091,0.010447915589117616,0.010344470880314472,9667
235,Newcastle upon Tyne 016,E02001723,0.758322864321608,0.16488693467336685,0.018373115577889447,0.02198492462311558,0.0364321608040201,6368
236,Newcastle upon Tyne 017,E02001724,0.819780696992726,0.07252198458364999,0.014330691564433829,0.06807078493106068,0.02529584192812941,9211
237,Newcastle upon Tyne 018,E02001725,0.8295278637770898,0.0661764705882353,0.018188854489164085,0.058243034055727554,0.02786377708978328,10336
238,Newcastle upon Tyne 019,E02001726,0.7819072556803784,0.16361179153644734,0.008615592533153138,0.024495312104062843,0.021370048145958272,11839
239,Newcastle upon Tyne 020,E02001727,0.9393903868698711,0.01969519343493552,0.012661195779601406,0.016295427901524034,0.011957796014067995,8530
240,Newcastle upon Tyne 021,E02001728,0.964454489418533,0.009965070885555784,0.0042120402712143,0.01119786316005753,0.010170536264639408,9734
241,Newcastle upon Tyne 022,E02001729,0.4282693558880937,0.3757319453480807,0.0522121014964216,0.05936890045543266,0.08441769681197138,12296
242,Newcastle upon Tyne 023,E02001730,0.757001392542163,0.12911960389911806,0.023131672597864767,0.05624323069781835,0.03450410026303574,12926
243,Newcastle upon Tyne 024,E02001731,0.5853757837309665,0.219363244035502,0.039491898053904406,0.0793909290774367,0.07637814510219038,12281
244,Newcastle upon Tyne 025,E02001732,0.8946531504671039,0.041939972172530315,0.010137149672033392,0.03856092228185251,0.014708805406479826,5031
245,Newcastle upon Tyne 026,E02001733,0.8578880942364325,0.032562053007993266,0.03668489692890198,0.047286495582667225,0.02557846024400505,11885
246,Newcastle upon Tyne 027,E02001734,0.838444473443821,0.059115229022576016,0.022315020227065118,0.0549393188046457,0.02518595850189221,7663
247,Newcastle upon Tyne 028,E02001735,0.9274266706985183,0.02630783187178712,0.017689749017236165,0.01572422134865437,0.012851527063804052,6614
248,Newcastle upon Tyne 029,E02001736,0.47028483448806774,0.3592763664357198,0.05488837567359507,0.05712086220169361,0.05842956120092379,12990
249,Newcastle upon Tyne 030,E02001737,0.8822266270234556,0.024942186983812356,0.03947803105384869,0.0229600264288074,0.030393128510075983,6054
250,Newcastle upon Tyne 031,E02006893,0.9697591935784954,0.015120403210752286,0.0018667164457718873,0.006440171737913011,0.006813515027067388,10714
251,North Tyneside 001,E02001738,0.9662222222222222,0.017066666666666667,0.0017777777777777779,0.009244444444444444,0.005688888888888889,5625
252,North Tyneside 002,E02001739,0.973361747469366,0.010921683537559936,0.002131060202450719,0.005327650506126798,0.008257858284496537,7508
253,North Tyneside 003,E02001740,0.96199689065469,0.011573674209708068,0.0008637070305752289,0.014164795301433754,0.011400932803593021,5789
254,North Tyneside 004,E02001741,0.9714367733601263,0.008612028132625233,0.00502368307736472,0.008324960528204393,0.006602554901679346,6967
255,North Tyneside 005,E02001742,0.9688587046546298,0.008282259400364419,0.0006625807520291535,0.013582905416597648,0.008613549776378996,6037
256,North Tyneside 006,E02001743,0.9242964724534285,0.029858633901440085,0.0007927070947284979,0.029198044655833002,0.015854141894569955,7569
257,North Tyneside 007,E02001744,0.9690705864339305,0.008268259072117593,0.0012249272699433472,0.01133057724697596,0.010105649977032614,6531
258,North Tyneside 008,E02001745,0.9675947774107283,0.01006764196948246,0.0037753657385559227,0.010696869592575113,0.007865345288658171,6357
259,North Tyneside 009,E02001746,0.9404847612191025,0.02771778257739381,0.0022798176145908326,0.017878569714422848,0.01163906887449004,8334
260,North Tyneside 010,E02001747,0.9674757281553398,0.008090614886731391,0.0011326860841423948,0.016181229773462782,0.007119741100323625,6180
261,North Tyneside 011,E02001748,0.9356080722251726,0.02947424322889007,0.003983005841741901,0.015002655337227827,0.015932023366967606,7532
262,North Tyneside 012,E02001749,0.9550397662717092,0.019801980198019802,0.0024346696964778446,0.01314721636098036,0.009576367472812855,6161
263,North Tyneside 013,E02001750,0.944544906570223,0.03496081977094635,0.0022603978300180833,0.008740204942736588,0.00949367088607595,6636
264,North Tyneside 014,E02001751,0.9637357178340785,0.010763371419109125,0.0016559032952475575,0.011425732737208148,0.012419274714356682,6039
265,North Tyneside 015,E02001752,0.9288329883776468,0.0428275752268747,0.004776309504855914,0.007960515841426525,0.015602611049195988,6281
266,North Tyneside 016,E02001753,0.9498730964467005,0.00951776649746193,0.0028553299492385786,0.025063451776649745,0.012690355329949238,6304
267,North Tyneside 017,E02001754,0.9586721991701245,0.009626556016597511,0.0018257261410788382,0.017427385892116183,0.012448132780082987,6025
268,North Tyneside 018,E02001755,0.9406386975579211,0.02654978083907326,0.002629931120851597,0.01916092673763306,0.011020663744520976,7985
269,North Tyneside 019,E02001756,0.9213653056815727,0.03845322963923094,0.0075610282998487795,0.018578526679628428,0.014041909699719161,9258
270,North Tyneside 020,E02001757,0.9677255829672187,0.010814464346062858,0.0005069280162216965,0.010307536329841162,0.010645488340655627,5918
271,North Tyneside 021,E02001758,0.9744597249508841,0.010001786033220219,0.002679049830326844,0.008394356135024112,0.00446508305054474,5599
272,North Tyneside 022,E02001759,0.9448681283762314,0.014775977121067683,0.003336510962821735,0.021766761995551318,0.015252621544327931,6294
273,North Tyneside 023,E02001760,0.9477813504823152,0.018135048231511255,0.005916398713826367,0.01517684887459807,0.012990353697749197,7775
274,North Tyneside 024,E02001761,0.9751713915138039,0.005188067444876783,0.0042616268297202145,0.008523253659440429,0.0068556605521586066,5397
275,North Tyneside 025,E02001762,0.943092340730136,0.03901216893342878,0.0017895490336435219,0.0071581961345740875,0.00894774516821761,5588
276,North Tyneside 026,E02001763,0.9646424607578881,0.011574441097193595,0.003488187727921357,0.012525765022990328,0.00776914539400666,6307
277,North Tyneside 027,E02001764,0.9335890990871808,0.016271993649953697,0.005820875777219209,0.026326233628786878,0.017991797856859372,7559
278,North Tyneside 028,E02001765,0.9369592088998764,0.019365471775854966,0.011536876802637,0.019365471775854966,0.01277297074577668,7281
279,North Tyneside 029,E02001766,0.9247870651075502,0.023531110148693517,0.009672296809585678,0.029305615706655117,0.01270391222751552,6927
280,North Tyneside 030,E02001767,0.9455811310031259,0.01974992895709008,0.00639386189258312,0.018897414038079,0.00937766410912191,7038
281,South Tyneside 001,E02001768,0.8104428131659958,0.13319914752545584,0.006867156050201279,0.015391901491830453,0.03409898176651669,8446
282,South Tyneside 002,E02001769,0.8404542996214169,0.08071930773391023,0.01081665765278529,0.014196863169280692,0.053812871822606814,7396
283,South Tyneside 003,E02001770,0.9461233211233211,0.018009768009768008,0.0035103785103785105,0.011141636141636142,0.021214896214896216,6552
